21
NULL 0 Common 0
Joined 7 0,255,0,255,0,0,0,0,0,0 Latin 1 0 1 Joined	# Joined [4a 6f 69 6e 65 64 ]a
|Broken|0|1 15 0,255,0,255,0,0,0,0,0,0 Common 2 10 2 |Broken|0|1	# Broken
A 5 0,255,0,255,0,0,0,0,0,0 Latin 11 0 3 A	# A [41 ]A
E 5 0,255,0,255,0,0,0,0,0,0 Latin 13 0 4 E	# E [45 ]A
I 5 0,255,0,255,0,0,0,0,0,0 Latin 15 0 5 I	# I [49 ]A
N 5 0,255,0,255,0,0,0,0,0,0 Latin 10 0 6 N	# N [4e ]A
O 5 0,255,0,255,0,0,0,0,0,0 Latin 9 0 7 O	# O [4f ]A
U 5 0,255,0,255,0,0,0,0,0,0 Latin 19 0 8 U	# U [55 ]A
o 3 0,255,0,255,0,0,0,0,0,0 Latin 7 0 9 o	# o [6f ]a
n 3 0,255,0,255,0,0,0,0,0,0 Latin 6 0 10 n	# n [6e ]a
a 3 0,255,0,255,0,0,0,0,0,0 Latin 3 0 11 a	# a [61 ]a
> 0 0,255,0,255,0,0,0,0,0,0 Common 12 10 0 >	# > [3e ]
e 3 0,255,0,255,0,0,0,0,0,0 Latin 4 0 13 e	# e [65 ]a
é 3 0,255,0,255,0,0,0,0,0,0 Latin 14 0 14 é	# é [e9 ]a
i 3 0,255,0,255,0,0,0,0,0,0 Latin 5 0 15 i	# i [69 ]a
f 3 0,255,0,255,0,0,0,0,0,0 Latin 16 0 16 f	# f [66 ]a
d 3 0,255,0,255,0,0,0,0,0,0 Latin 17 0 17 d	# d [64 ]a
6 8 0,255,0,255,0,0,0,0,0,0 Common 18 2 18 6	# 6 [36 ]0
u 3 0,255,0,255,0,0,0,0,0,0 Latin 8 0 19 u	# u [75 ]a
c 3 0,255,0,255,0,0,0,0,0,0 Latin 20 0 20 c	# c [63 ]a
